2 0.17691798941798942 0.3557787698412698 0.06878306878306878 0.03695436507936508
3 0.3587962962962963 0.3970734126984127 0.09060846560846561 0.049107142857142856
2 0.6187169312169312 0.3991815476190476 0.09060846560846561 0.04836309523809524
0 0.6000330687830688 0.3167162698412698 0.034722222222222224 0.018849206349206348
2 0.621031746031746 0.26525297619047616 0.03306878306878307 0.016617063492063492
2 0.48313492063492064 0.16455853174603174 0.0667989417989418 0.028521825396825396
4 0.4748677248677249 0.12239583333333333 0.0667989417989418 0.029017857142857144
5 0.8664021164021164 0.1843998015873016 0.05026455026455026 0.0220734126984127
3 0.8371362433862434 0.5978422619047619 0.103505291005291 0.06324404761904762
3 0.6808862433862434 0.5643601190476191 0.06547619047619048 0.03844246031746032
1 0.5580357142857143 0.558655753968254 0.09556878306878307 0.06374007936507936
3 0.5087632275132276 0.515625 0.05919312169312169 0.03670634920634921
1 0.4097222222222222 0.7315228174603174 0.13227513227513227 0.09796626984126984
1 0.6927910052910053 0.7183779761904762 0.06944444444444445 0.050347222222222224
3 0.7751322751322751 0.6904761904761905 0.083994708994709 0.061507936507936505