5 0.23792989417989419 0.47470238095238093 0.05125661375661376 0.021825396825396824
5 0.36507936507936506 0.5031001984126984 0.04497354497354497 0.02058531746031746
5 0.4209656084656085 0.5187251984126984 0.042328042328042326 0.019097222222222224
5 0.5319113756613757 0.5355902777777778 0.040013227513227514 0.018601190476190476
5 0.47007275132275134 0.4720982142857143 0.06845238095238096 0.029513888888888888
5 0.35548941798941797 0.4383680555555556 0.07605820105820106 0.031994047619047616
5 0.2757936507936508 0.4017857142857143 0.07142857142857142 0.025297619047619048
5 0.2814153439153439 0.37115575396825395 0.031746031746031744 0.011160714285714286
5 0.23412698412698413 0.3958333333333333 0.03439153439153439 0.01240079365079365
5 0.36689814814814814 0.40166170634920634 0.04398148148148148 0.01711309523809524
5 0.3890542328042328 0.34424603174603174 0.05787037037037037 0.01984126984126984
5 0.37797619047619047 0.3220486111111111 0.031746031746031744 0.011656746031746032
5 0.3177910052910053 0.3386656746031746 0.042328042328042326 0.01314484126984127
5 0.43915343915343913 0.3297371031746032 0.037698412698412696 0.012648809523809524
5 0.4406415343915344 0.37822420634920634 0.059854497354497355 0.020833333333333332
5 0.45287698412698413 0.44072420634920634 0.03670634920634921 0.015376984126984126
5 0.6319444444444444 0.5043402777777778 0.05092592592592592 0.02554563492063492
5 0.5367063492063492 0.4418402777777778 0.05423280423280423 0.0220734126984127
5 0.6221891534391535 0.4304315476190476 0.040674603174603176 0.016617063492063492
5 0.6979166666666666 0.43439980158730157 0.036044973544973546 0.014136904761904762
5 0.6416997354497355 0.46205357142857145 0.06117724867724868 0.0248015873015873
5 0.7791005291005291 0.4443204365079365 0.06547619047619048 0.026041666666666668
5 0.8366402116402116 0.3942212301587302 0.02976190476190476 0.01066468253968254
5 0.7557870370370371 0.35974702380952384 0.04728835978835979 0.015625
5 0.7159391534391535 0.322296626984127 0.04894179894179894 0.016121031746031748
5 0.6734457671957672 0.2837301587301587 0.05257936507936508 0.015873015873015872
5 0.621031746031746 0.3226686507936508 0.04365079365079365 0.014384920634920634
5 0.5934193121693122 0.30493551587301587 0.030753968253968252 0.009672619047619048
5 0.5472883597883598 0.3133680555555556 0.027777777777777776 0.00818452380952381
5 0.46312830687830686 0.30939980158730157 0.02546296296296296 0.009176587301587302
5 0.501984126984127 0.3308531746031746 0.027777777777777776 0.00992063492063492
5 0.5596891534391535 0.3396577380952381 0.04728835978835979 0.016121031746031748
5 0.49702380952380953 0.3542906746031746 0.03902116402116402 0.012648809523809524
5 0.548941798941799 0.3742559523809524 0.056216931216931214 0.020337301587301588
5 0.6297949735449735 0.38169642857142855 0.05257936507936508 0.018353174603174604
5 0.7065145502645502 0.3774801587301587 0.06448412698412699 0.022321428571428572
5 0.8009259259259259 0.4105902777777778 0.04365079365079365 0.019097222222222224
5 0.527281746031746 0.4177827380952381 0.0333994708994709 0.012648809523809524
5 0.6469907407407407 0.34660218253968256 0.0625 0.021577380952380952
5 0.4383267195767196 0.5631200396825397 0.059854497354497355 0.029513888888888888