5 0.13690476190476192 0.27641369047619047 0.05291005291005291 0.023065476190476192
2 0.2488425925925926 0.29898313492063494 0.035383597883597885 0.016617063492063492
2 0.376984126984127 0.31237599206349204 0.037698412698412696 0.021081349206349208
2 0.41104497354497355 0.30419146825396826 0.0291005291005291 0.013640873015873016
3 0.4593253968253968 0.3687996031746032 0.05952380952380952 0.030257936507936508
1 0.5099206349206349 0.3539186507936508 0.031084656084656083 0.018849206349206348
0 0.5598544973544973 0.4184027777777778 0.05952380952380952 0.03422619047619048
3 0.6198743386243386 0.5571676587301587 0.08167989417989419 0.05233134920634921
3 0.5052910052910053 0.6137152777777778 0.06481481481481481 0.04389880952380952
1 0.4489087301587302 0.6739831349206349 0.08961640211640212 0.06522817460317461
3 0.35201719576719576 0.6801835317460317 0.07242063492063493 0.04985119047619048
1 0.5729166666666666 0.8728918650793651 0.12003968253968254 0.10342261904761904
0 0.8361441798941799 0.4541170634920635 0.05720899470899471 0.02628968253968254
5 0.81630291005291 0.3046875 0.030753968253968252 0.014136904761904762
3 0.781084656084656 0.4026537698412698 0.03902116402116402 0.0220734126984127
4 0.65244708994709 0.4011656746031746 0.04298941798941799 0.020089285714285716
0 0.6944444444444444 0.42137896825396826 0.0582010582010582 0.027777777777777776
1 0.6304563492063492 0.34325396825396826 0.02943121693121693 0.015873015873015872
2 0.7055224867724867 0.27331349206349204 0.05919312169312169 0.024305555555555556
2 0.6655092592592593 0.22581845238095238 0.0248015873015873 0.012648809523809524
5 0.6011904761904762 0.22780257936507936 0.05026455026455026 0.023561507936507936
5 0.5600198412698413 0.17162698412698413 0.03141534391534392 0.01240079365079365
2 0.5844907407407407 0.15178571428571427 0.03141534391534392 0.010912698412698412
3 0.6278108465608465 0.16083829365079366 0.04728835978835979 0.02058531746031746
2 0.6861772486772487 0.16989087301587302 0.03306878306878307 0.011904761904761904
1 0.6858465608465608 0.1935763888888889 0.023148148148148147 0.011160714285714286
2 0.7966269841269841 0.2326388888888889 0.022486772486772486 0.011408730158730158
2 0.7800925925925926 0.21006944444444445 0.03042328042328042 0.01488095238095238
1 0.8293650793650794 0.2119295634920635 0.03505291005291005 0.016121031746031748
4 0.8642526455026455 0.23201884920634921 0.026124338624338623 0.011656746031746032
1 0.414021164021164 0.12872023809523808 0.021825396825396824 0.008928571428571428
2 0.3599537037037037 0.18948412698412698 0.026124338624338623 0.008928571428571428
2 0.39699074074074076 0.2394593253968254 0.04662698412698413 0.024057539682539684
1 0.4750330687830688 0.28273809523809523 0.05654761904761905 0.029265873015873016
2 0.0701058201058201 0.4461805555555556 0.03835978835978836 0.018353174603174604
0 0.1302910052910053 0.49330357142857145 0.03505291005291005 0.022321428571428572
2 0.2800925925925926 0.5376984126984127 0.07275132275132275 0.04265873015873016
3 0.08697089947089948 0.6944444444444444 0.09391534391534391 0.06299603174603174
3 0.6769179894179894 0.6375248015873016 0.06481481481481481 0.04092261904761905
1 0.6750992063492064 0.6960565476190477 0.06382275132275132 0.048859126984126984
0 0.9791666666666666 0.5618799603174603 0.041005291005291 0.04439484126984127
5 0.6661706349206349 0.26773313492063494 0.0248015873015873 0.01314484126984127