2 0.17724867724867724 0.3556547619047619 0.06878306878306878 0.03670634920634921
3 0.3584656084656085 0.3968253968253968 0.09060846560846561 0.049107142857142856
2 0.6190476190476191 0.3993055555555556 0.09060846560846561 0.04861111111111111
0 0.5998677248677249 0.31646825396825395 0.03439153439153439 0.018849206349206348
2 0.621031746031746 0.26537698412698413 0.03306878306878307 0.016865079365079364
2 0.4828042328042328 0.16468253968253968 0.0667989417989418 0.028769841269841268
4 0.4748677248677249 0.12251984126984126 0.0667989417989418 0.028769841269841268
5 0.8664021164021164 0.18452380952380953 0.05026455026455026 0.021825396825396824
3 0.8373015873015873 0.597718253968254 0.10317460317460317 0.06349206349206349
3 0.6812169312169312 0.564484126984127 0.06547619047619048 0.03869047619047619
1 0.5582010582010583 0.558531746031746 0.09523809523809523 0.06349206349206349
3 0.5085978835978836 0.5158730158730159 0.05952380952380952 0.03670634920634921
1 0.41005291005291006 0.7316468253968254 0.13227513227513227 0.09821428571428571
1 0.6931216931216931 0.7182539682539683 0.06944444444444445 0.050595238095238096
3 0.7751322751322751 0.6904761904761905 0.083994708994709 0.061507936507936505