4 0.24603174603174602 0.283234126984127 0.04298941798941799 0.025297619047619048
2 0.251984126984127 0.3179563492063492 0.037037037037037035 0.021825396825396824
2 0.3333333333333333 0.3819444444444444 0.018518518518518517 0.011408730158730158
0 0.32076719576719576 0.4176587301587302 0.01984126984126984 0.011408730158730158
2 0.32605820105820105 0.4771825396825397 0.04497354497354497 0.028273809523809524
3 0.27116402116402116 0.5411706349206349 0.027777777777777776 0.018849206349206348
1 0.2923280423280423 0.564484126984127 0.04365079365079365 0.027777777777777776
3 0.35185185185185186 0.5620039682539683 0.0291005291005291 0.01984126984126984
3 0.41534391534391535 0.5763888888888888 0.042328042328042326 0.029265873015873016
3 0.3869047619047619 0.6180555555555556 0.03439153439153439 0.024305555555555556
1 0.3498677248677249 0.6329365079365079 0.027777777777777776 0.020833333333333332
1 0.2261904761904762 0.6443452380952381 0.0496031746031746 0.031746031746031744
0 0.5370370370370371 0.6964285714285714 0.04365079365079365 0.031746031746031744
5 0.7420634920634921 0.5505952380952381 0.01984126984126984 0.01488095238095238
2 0.7037037037037037 0.4965277777777778 0.037037037037037035 0.025297619047619048
5 0.71494708994709 0.4791666666666667 0.01984126984126984 0.012896825396825396
2 0.7645502645502645 0.4568452380952381 0.0205026455026455 0.011904761904761904
1 0.8174603174603174 0.4469246031746032 0.018518518518518517 0.011904761904761904
2 0.8465608465608465 0.4340277777777778 0.022486772486772486 0.015873015873015872
3 0.8154761904761905 0.40773809523809523 0.03042328042328042 0.021825396825396824
2 0.8412698412698413 0.4915674603174603 0.01984126984126984 0.013888888888888888
2 0.8247354497354498 0.5094246031746031 0.022486772486772486 0.01240079365079365
1 0.8637566137566137 0.5124007936507936 0.028439153439153438 0.016865079365079364
4 0.8617724867724867 0.5367063492063492 0.021164021164021163 0.013392857142857142
2 0.8134920634920635 0.3854166666666667 0.021164021164021163 0.016865079365079364
5 0.7804232804232805 0.38740079365079366 0.018518518518518517 0.012896825396825396
5 0.71494708994709 0.4365079365079365 0.03042328042328042 0.020337301587301588
2 0.6084656084656085 0.3759920634920635 0.032407407407407406 0.022321428571428572
1 0.5992063492063492 0.42212301587301587 0.031746031746031744 0.021825396825396824
2 0.5654761904761905 0.41220238095238093 0.01984126984126984 0.015873015873015872
2 0.5370370370370371 0.4052579365079365 0.023809523809523808 0.01488095238095238
2 0.501984126984127 0.36061507936507936 0.02513227513227513 0.015873015873015872
5 0.4775132275132275 0.3169642857142857 0.028439153439153438 0.015873015873015872
3 0.5158730158730159 0.4583333333333333 0.03042328042328042 0.018849206349206348
1 0.5582010582010583 0.4662698412698413 0.017857142857142856 0.010416666666666666
1 0.6170634920634921 0.5009920634920635 0.017195767195767195 0.012896825396825396
4 0.5661375661375662 0.5327380952380952 0.022486772486772486 0.016865079365079364
0 0.5595238095238095 0.5545634920634921 0.03042328042328042 0.021825396825396824
3 0.6117724867724867 0.5763888888888888 0.027116402116402115 0.019345238095238096
0 0.5793650793650794 0.6121031746031746 0.03439153439153439 0.027281746031746032
2 0.09457671957671958 0.45783730158730157 0.03505291005291005 0.019345238095238096
2 0.6587301587301587 0.33035714285714285 0.015873015873015872 0.011904761904761904
1 0.7612433862433863 0.3080357142857143 0.021164021164021163 0.013888888888888888
0 0.5033068783068783 0.5109126984126984 0.042328042328042326 0.028769841269841268
3 0.1917989417989418 0.48214285714285715 0.046957671957671955 0.028769841269841268