2 0.2791005291005291 0.04861111111111111 0.056878306878306875 0.03571428571428571
5 0.2757936507936508 0.3898809523809524 0.11838624338624339 0.07688492063492064
2 0.43452380952380953 0.4742063492063492 0.06878306878306878 0.04662698412698413
5 0.2414021164021164 0.5277777777777778 0.0582010582010582 0.040674603174603176
2 0.13822751322751323 0.5942460317460317 0.15145502645502645 0.10218253968253968
5 0.2175925925925926 0.7867063492063492 0.07671957671957672 0.05654761904761905
1 0.6164021164021164 0.020833333333333332 0.05555555555555555 0.03571428571428571
5 0.576058201058201 0.26240079365079366 0.06481481481481481 0.04563492063492063
2 0.6726190476190477 0.26884920634920634 0.07605820105820106 0.05555555555555555
3 0.6415343915343915 0.3402777777777778 0.11772486772486772 0.07936507936507936
2 0.7242063492063492 0.4350198412698413 0.082010582010582 0.057539682539682536
1 0.6170634920634921 0.4623015873015873 0.06349206349206349 0.041666666666666664
2 0.6296296296296297 0.6259920634920635 0.07539682539682539 0.05654761904761905
2 0.5542328042328042 0.6770833333333334 0.07142857142857142 0.05257936507936508
1 0.671957671957672 0.7078373015873016 0.08796296296296297 0.06498015873015874
4 0.6402116402116402 0.7881944444444444 0.0701058201058201 0.054563492063492064
2 0.037037037037037035 0.15625 0.07407407407407407 0.06547619047619048