1 0.31613756613756616 0.09226190476190477 0.027116402116402115 0.009424603174603174
2 0.21164021164021163 0.1453373015873016 0.0291005291005291 0.009424603174603174
2 0.2056878306878307 0.1909722222222222 0.062169312169312166 0.025793650793650792
1 0.2698412698412698 0.2390873015873016 0.06481481481481481 0.029265873015873016
2 0.13558201058201058 0.26537698412698413 0.04894179894179894 0.020833333333333332
2 0.19378306878306878 0.26339285714285715 0.037037037037037035 0.016865079365079364
3 0.19378306878306878 0.33283730158730157 0.08333333333333333 0.036210317460317464
1 0.2830687830687831 0.32490079365079366 0.04431216931216931 0.020337301587301588
1 0.4444444444444444 0.3229166666666667 0.03968253968253968 0.018849206349206348
0 0.27380952380952384 0.3958333333333333 0.09523809523809523 0.04265873015873016
4 0.4298941798941799 0.39037698412698413 0.057539682539682536 0.028769841269841268
0 0.4695767195767196 0.41716269841269843 0.08002645502645503 0.03819444444444445
3 0.5978835978835979 0.40327380952380953 0.05423280423280423 0.025793650793650792
0 0.6362433862433863 0.46924603174603174 0.0701058201058201 0.03670634920634921
0 0.8009259259259259 0.6294642857142857 0.11904761904761904 0.06845238095238096
3 0.24338624338624337 0.5798611111111112 0.12962962962962962 0.07242063492063493
3 0.28174603174603174 0.7023809523809523 0.08597883597883597 0.05555555555555555
1 0.22817460317460317 0.7901785714285714 0.10846560846560846 0.08035714285714286
3 0.052248677248677246 0.6458333333333334 0.10317460317460317 0.06448412698412699
5 0.7076719576719577 0.2951388888888889 0.03835978835978836 0.015873015873015872
2 0.5667989417989417 0.24801587301587302 0.07605820105820106 0.03125
4 0.8095238095238095 0.22023809523809523 0.032407407407407406 0.013392857142857142
1 0.7705026455026455 0.1949404761904762 0.04563492063492063 0.016865079365079364
2 0.7222222222222222 0.21626984126984128 0.03306878306878307 0.011904761904761904
2 0.708994708994709 0.1909722222222222 0.042328042328042326 0.015873015873015872
2 0.6150793650793651 0.14484126984126985 0.03835978835978836 0.010912698412698412
1 0.6018518518518519 0.16964285714285715 0.027777777777777776 0.011904761904761904
2 0.5595238095238095 0.2003968253968254 0.031746031746031744 0.011904761904761904
5 0.4656084656084656 0.19246031746031747 0.06415343915343916 0.023809523809523808
5 0.460978835978836 0.14037698412698413 0.03571428571428571 0.011904761904761904
3 0.5376984126984127 0.12896825396825398 0.056878306878306875 0.01984126984126984
2 0.4973544973544973 0.12003968253968254 0.03306878306878307 0.011408730158730158