2 0.503968253968254 0.19345238095238096 0.01984126984126984 0.009424603174603174
2 0.4642857142857143 0.21180555555555555 0.018518518518518517 0.010912698412698412
2 0.5396825396825397 0.2088293650793651 0.036375661375661374 0.017361111111111112
5 0.414021164021164 0.2113095238095238 0.018518518518518517 0.008928571428571428
0 0.4007936507936508 0.22172619047619047 0.017195767195767195 0.008928571428571428
5 0.3425925925925926 0.2286706349206349 0.025793650793650792 0.012896825396825396
2 0.4742063492063492 0.2564484126984127 0.03835978835978836 0.01984126984126984
5 0.5628306878306878 0.26537698412698413 0.03571428571428571 0.019345238095238096
1 0.6031746031746031 0.2614087301587302 0.02513227513227513 0.013888888888888888
1 0.6395502645502645 0.26587301587301587 0.027777777777777776 0.012896825396825396
5 0.6574074074074074 0.2604166666666667 0.023148148148148147 0.011904761904761904
0 0.7129629629629629 0.28621031746031744 0.021164021164021163 0.010912698412698412
2 0.628968253968254 0.3209325396825397 0.02513227513227513 0.012896825396825396
3 0.6891534391534392 0.3244047619047619 0.023148148148148147 0.012896825396825396
5 0.4093915343915344 0.2896825396825397 0.023809523809523808 0.012896825396825396
5 0.28174603174603174 0.29017857142857145 0.018518518518518517 0.010416666666666666
0 0.31547619047619047 0.30753968253968256 0.03968253968253968 0.022321428571428572
2 0.4080687830687831 0.3060515873015873 0.022486772486772486 0.011904761904761904
3 0.3630952380952381 0.3343253968253968 0.04365079365079365 0.0248015873015873
3 0.42658730158730157 0.3373015873015873 0.0291005291005291 0.016865079365079364
5 0.5370370370370371 0.345734126984127 0.02447089947089947 0.013888888888888888
1 0.14417989417989419 0.3115079365079365 0.042328042328042326 0.022321428571428572
4 0.17195767195767195 0.34771825396825395 0.03571428571428571 0.019345238095238096
5 0.2943121693121693 0.373015873015873 0.03306878306878307 0.017857142857142856
3 0.3558201058201058 0.40327380952380953 0.037037037037037035 0.021825396825396824
5 0.4126984126984127 0.4007936507936508 0.028439153439153438 0.016865079365079364
1 0.460978835978836 0.36755952380952384 0.022486772486772486 0.012896825396825396
3 0.4914021164021164 0.375 0.04034391534391534 0.023809523809523808
2 0.541005291005291 0.3878968253968254 0.031746031746031744 0.016865079365079364
2 0.33465608465608465 0.4340277777777778 0.0496031746031746 0.028769841269841268
0 0.45634920634920634 0.4156746031746032 0.04497354497354497 0.025793650793650792
2 0.5052910052910053 0.4131944444444444 0.037037037037037035 0.020833333333333332
0 0.8386243386243386 0.35615079365079366 0.023148148148148147 0.012896825396825396
1 0.6805555555555556 0.4330357142857143 0.03835978835978836 0.020833333333333332
3 0.7572751322751323 0.45287698412698413 0.03835978835978836 0.023809523809523808
3 0.8194444444444444 0.4489087301587302 0.04365079365079365 0.0248015873015873
0 0.8167989417989417 0.4107142857142857 0.025793650793650792 0.01488095238095238
4 0.7175925925925926 0.46478174603174605 0.041005291005291 0.0248015873015873
5 0.6732804232804233 0.5054563492063492 0.056878306878306875 0.034722222222222224
3 0.5601851851851852 0.5778769841269841 0.056878306878306875 0.037698412698412696
1 0.4894179894179894 0.5287698412698413 0.04894179894179894 0.03273809523809524
2 0.5119047619047619 0.4618055555555556 0.04828042328042328 0.027777777777777776
3 0.2123015873015873 0.5014880952380952 0.052248677248677246 0.031746031746031744
2 0.18981481481481483 0.6314484126984127 0.0582010582010582 0.03670634920634921