0 0.45634920634920634 0.15823412698412698 0.016534391534391533 0.00992063492063492
1 0.4794973544973545 0.2569444444444444 0.03439153439153439 0.022817460317460316
4 0.44642857142857145 0.2906746031746032 0.02976190476190476 0.019345238095238096
5 0.5667989417989417 0.32341269841269843 0.021164021164021163 0.012896825396825396
5 0.6792328042328042 0.3288690476190476 0.0291005291005291 0.017857142857142856
0 0.7175925925925926 0.36160714285714285 0.01984126984126984 0.012896825396825396
5 0.7407407407407407 0.3635912698412698 0.01984126984126984 0.012896825396825396
2 0.7592592592592593 0.39632936507936506 0.023809523809523808 0.01488095238095238
2 0.8082010582010583 0.4131944444444444 0.01984126984126984 0.012896825396825396
2 0.7804232804232805 0.44642857142857145 0.037037037037037035 0.023809523809523808
2 0.6746031746031746 0.42658730158730157 0.037698412698412696 0.025793650793650792
5 0.6117724867724867 0.4007936507936508 0.01984126984126984 0.01488095238095238
0 0.5363756613756614 0.35367063492063494 0.042328042328042326 0.025793650793650792
5 0.4470899470899471 0.3725198412698413 0.031746031746031744 0.01984126984126984
3 0.5119047619047619 0.3943452380952381 0.04497354497354497 0.028769841269841268
2 0.5813492063492064 0.40773809523809523 0.027777777777777776 0.018849206349206348
3 0.5416666666666666 0.43353174603174605 0.0291005291005291 0.01984126984126984
1 0.5112433862433863 0.46825396825396826 0.021164021164021163 0.013392857142857142
3 0.42394179894179895 0.42162698412698413 0.03306878306878307 0.022817460317460316
5 0.4470899470899471 0.4523809523809524 0.031084656084656083 0.020833333333333332
2 0.36904761904761907 0.4226190476190476 0.046296296296296294 0.02976190476190476
3 0.251984126984127 0.38492063492063494 0.04365079365079365 0.027777777777777776
2 0.10515873015873016 0.4246031746031746 0.04497354497354497 0.028769841269841268
3 0.24404761904761904 0.6041666666666666 0.046296296296296294 0.03273809523809524
5 0.36574074074074076 0.6483134920634921 0.05291005291005291 0.03571428571428571
1 0.4775132275132275 0.6299603174603174 0.03968253968253968 0.029265873015873016
4 0.4398148148148148 0.6636904761904762 0.04497354497354497 0.03373015873015873
3 0.47156084656084657 0.6850198412698413 0.032407407407407406 0.024305555555555556
0 0.5575396825396826 0.7123015873015873 0.022486772486772486 0.017361111111111112
0 0.6521164021164021 0.7093253968253969 0.02513227513227513 0.018849206349206348
3 0.49206349206349204 0.7247023809523809 0.04497354497354497 0.03521825396825397
1 0.2863756613756614 0.5466269841269841 0.05026455026455026 0.03273809523809524
2 0.38095238095238093 0.5362103174603174 0.05291005291005291 0.034722222222222224
0 0.4252645502645503 0.4851190476190476 0.046296296296296294 0.031746031746031744
3 0.501984126984127 0.4895833333333333 0.04298941798941799 0.028769841269841268
5 0.5628306878306878 0.5059523809523809 0.031746031746031744 0.01984126984126984
2 0.453042328042328 0.5138888888888888 0.037037037037037035 0.025297619047619048
2 0.5006613756613757 0.5267857142857143 0.031746031746031744 0.023809523809523808
2 0.6349206349206349 0.5560515873015873 0.0291005291005291 0.020337301587301588
5 0.6904761904761905 0.4885912698412698 0.041005291005291 0.028769841269841268
1 0.7195767195767195 0.5138888888888888 0.027116402116402115 0.019345238095238096
1 0.7248677248677249 0.5401785714285714 0.0291005291005291 0.01984126984126984
5 0.748015873015873 0.5491071428571429 0.02447089947089947 0.017857142857142856
0 0.7228835978835979 0.5992063492063492 0.02513227513227513 0.018849206349206348
3 0.6514550264550265 0.5967261904761905 0.022486772486772486 0.016865079365079364