5 0.23809523809523808 0.47470238095238093 0.051587301587301584 0.021825396825396824
5 0.36507936507936506 0.5029761904761905 0.04497354497354497 0.020833333333333332
5 0.42063492063492064 0.5188492063492064 0.042328042328042326 0.018849206349206348
5 0.5317460317460317 0.5357142857142857 0.03968253968253968 0.018849206349206348
5 0.47023809523809523 0.4722222222222222 0.06878306878306878 0.02976190476190476
5 0.3558201058201058 0.4384920634920635 0.07605820105820106 0.031746031746031744
5 0.2757936507936508 0.4017857142857143 0.07142857142857142 0.025297619047619048
5 0.28174603174603174 0.37103174603174605 0.031746031746031744 0.010912698412698412
5 0.23412698412698413 0.3958333333333333 0.03439153439153439 0.01240079365079365
5 0.36706349206349204 0.4017857142857143 0.04365079365079365 0.016865079365079364
5 0.3888888888888889 0.34424603174603174 0.0582010582010582 0.01984126984126984
5 0.3783068783068783 0.3219246031746032 0.031746031746031744 0.011904761904761904
5 0.31746031746031744 0.33878968253968256 0.042328042328042326 0.012896825396825396
5 0.43915343915343913 0.3298611111111111 0.037698412698412696 0.012896825396825396
5 0.44047619047619047 0.37797619047619047 0.05952380952380952 0.020833333333333332
5 0.453042328042328 0.44047619047619047 0.037037037037037035 0.015376984126984126
5 0.6322751322751323 0.5044642857142857 0.05092592592592592 0.025793650793650792
5 0.5370370370370371 0.4419642857142857 0.05423280423280423 0.021825396825396824
5 0.6223544973544973 0.4305555555555556 0.041005291005291 0.016865079365079364
5 0.6977513227513228 0.43452380952380953 0.03571428571428571 0.013888888888888888
5 0.6415343915343915 0.4623015873015873 0.06084656084656084 0.0248015873015873
5 0.7791005291005291 0.4444444444444444 0.06547619047619048 0.025793650793650792
5 0.8366402116402116 0.3943452380952381 0.02976190476190476 0.010912698412698412
5 0.7559523809523809 0.35962301587301587 0.047619047619047616 0.015873015873015872
5 0.7156084656084656 0.32242063492063494 0.04894179894179894 0.015873015873015872
5 0.6732804232804233 0.2837301587301587 0.05291005291005291 0.015873015873015872
5 0.621031746031746 0.32242063492063494 0.04365079365079365 0.014384920634920634
5 0.5932539682539683 0.30505952380952384 0.03042328042328042 0.00992063492063492
5 0.5476190476190477 0.3134920634920635 0.027777777777777776 0.007936507936507936
5 0.46296296296296297 0.30952380952380953 0.02513227513227513 0.008928571428571428
5 0.501984126984127 0.3308531746031746 0.027777777777777776 0.00992063492063492
5 0.5595238095238095 0.33978174603174605 0.047619047619047616 0.015873015873015872
5 0.4973544973544973 0.3541666666666667 0.03902116402116402 0.012896825396825396
5 0.548941798941799 0.3740079365079365 0.056216931216931214 0.020337301587301588
5 0.6296296296296297 0.3819444444444444 0.05291005291005291 0.018353174603174604
5 0.7063492063492064 0.3774801587301587 0.06481481481481481 0.022321428571428572
5 0.8009259259259259 0.4107142857142857 0.04365079365079365 0.018849206349206348
5 0.5271164021164021 0.4176587301587302 0.03306878306878307 0.012896825396825396
5 0.6468253968253969 0.34672619047619047 0.062169312169312166 0.021825396825396824
5 0.4384920634920635 0.5629960317460317 0.05952380952380952 0.02976190476190476