5 0.13690476190476192 0.27628968253968256 0.05291005291005291 0.022817460317460316
2 0.24867724867724866 0.29910714285714285 0.03571428571428571 0.016865079365079364
2 0.376984126984127 0.3125 0.037698412698412696 0.020833333333333332
2 0.4113756613756614 0.3040674603174603 0.0291005291005291 0.013888888888888888
3 0.458994708994709 0.36904761904761907 0.05952380952380952 0.030257936507936508
1 0.5099206349206349 0.3541666666666667 0.031084656084656083 0.018849206349206348
0 0.5595238095238095 0.41865079365079366 0.05952380952380952 0.03422619047619048
3 0.6197089947089947 0.5570436507936508 0.082010582010582 0.05257936507936508
3 0.5052910052910053 0.6135912698412699 0.06481481481481481 0.04365079365079365
1 0.44907407407407407 0.6741071428571429 0.08994708994708994 0.06547619047619048
3 0.35185185185185186 0.6800595238095238 0.07275132275132275 0.0496031746031746
1 0.5727513227513228 0.873015873015873 0.12037037037037036 0.10317460317460317
0 0.8359788359788359 0.45436507936507936 0.056878306878306875 0.02628968253968254
5 0.8161375661375662 0.30456349206349204 0.03042328042328042 0.013888888888888888
3 0.781084656084656 0.4027777777777778 0.03902116402116402 0.021825396825396824
4 0.6521164021164021 0.40128968253968256 0.04298941798941799 0.01984126984126984
0 0.6944444444444444 0.42162698412698413 0.0582010582010582 0.027777777777777776
1 0.6302910052910053 0.34325396825396826 0.0291005291005291 0.015873015873015872
2 0.7056878306878307 0.27331349206349204 0.05952380952380952 0.024305555555555556
2 0.6653439153439153 0.22569444444444445 0.02513227513227513 0.012896825396825396
5 0.6011904761904762 0.22767857142857142 0.05026455026455026 0.023809523809523808
5 0.5601851851851852 0.17162698412698413 0.031746031746031744 0.01240079365079365
2 0.5846560846560847 0.15178571428571427 0.031746031746031744 0.010912698412698412
3 0.6276455026455027 0.16071428571428573 0.047619047619047616 0.020833333333333332
2 0.6865079365079365 0.16964285714285715 0.03306878306878307 0.011904761904761904
1 0.6858465608465608 0.19345238095238096 0.023148148148148147 0.010912698412698412
2 0.7962962962962963 0.2326388888888889 0.022486772486772486 0.011408730158730158
2 0.7804232804232805 0.21031746031746032 0.03042328042328042 0.01488095238095238
1 0.8293650793650794 0.21180555555555555 0.03505291005291005 0.015873015873015872
4 0.8644179894179894 0.23214285714285715 0.026455026455026454 0.011904761904761904
1 0.414021164021164 0.12896825396825398 0.021825396825396824 0.008928571428571428
2 0.35978835978835977 0.18948412698412698 0.026455026455026454 0.008928571428571428
2 0.3968253968253968 0.23958333333333334 0.046296296296296294 0.023809523809523808
1 0.4748677248677249 0.28273809523809523 0.056878306878306875 0.029265873015873016
2 0.0701058201058201 0.44642857142857145 0.03835978835978836 0.018353174603174604
0 0.1302910052910053 0.4930555555555556 0.03505291005291005 0.022321428571428572
2 0.2804232804232804 0.5376984126984127 0.07275132275132275 0.04265873015873016
3 0.0873015873015873 0.6944444444444444 0.09391534391534391 0.06299603174603174
3 0.6772486772486772 0.6374007936507936 0.06481481481481481 0.040674603174603176
1 0.6752645502645502 0.6959325396825397 0.06349206349206349 0.04861111111111111
0 0.9788359788359788 0.5620039682539683 0.041005291005291 0.044642857142857144
5 0.666005291005291 0.26785714285714285 0.02513227513227513 0.012896825396825396