3 0.023148148148148147 0.0248015873015873 0.04365079365079365 0.025793650793650792
2 0.17195767195767195 0.018849206349206348 0.06613756613756613 0.03373015873015873
0 0.32936507936507936 0.005952380952380952 0.02976190476190476 0.011904761904761904
5 0.6865079365079365 0.07093253968253968 0.0582010582010582 0.02976190476190476
2 0.5932539682539683 0.12301587301587301 0.04563492063492063 0.025793650793650792
2 0.6309523809523809 0.23214285714285715 0.07275132275132275 0.044642857142857144
2 0.8379629629629629 0.27827380952380953 0.03439153439153439 0.020337301587301588
2 0.4966931216931217 0.18055555555555555 0.04497354497354497 0.025297619047619048
2 0.5079365079365079 0.22123015873015872 0.042328042328042326 0.0248015873015873
1 0.48412698412698413 0.24751984126984128 0.06481481481481481 0.03869047619047619
3 0.3306878306878307 0.18700396825396826 0.05952380952380952 0.03720238095238095
1 0.35119047619047616 0.24702380952380953 0.03835978835978836 0.022817460317460316
0 0.16997354497354497 0.19047619047619047 0.07275132275132275 0.040674603174603176
0 0.09523809523809523 0.28621031746031744 0.0582010582010582 0.03670634920634921
4 0.16666666666666666 0.28869047619047616 0.05026455026455026 0.031746031746031744
1 0.2896825396825397 0.33035714285714285 0.03571428571428571 0.032242063492063495
3 0.06349206349206349 0.36408730158730157 0.05291005291005291 0.03273809523809524
2 0.335978835978836 0.4226190476190476 0.08333333333333333 0.05357142857142857
5 0.42724867724867727 0.44642857142857145 0.046296296296296294 0.03125
5 0.2222222222222222 0.5277777777777778 0.041666666666666664 0.028273809523809524
5 0.5396825396825397 0.40228174603174605 0.07539682539682539 0.047619047619047616
2 0.5423280423280423 0.5029761904761905 0.041005291005291 0.030257936507936508
5 0.792989417989418 0.48214285714285715 0.047619047619047616 0.02976190476190476
2 0.8333333333333334 0.5243055555555556 0.0582010582010582 0.037698412698412696
3 0.7453703703703703 0.5342261904761905 0.08068783068783068 0.054563492063492064
1 0.628968253968254 0.5788690476190477 0.042328042328042326 0.02976190476190476
2 0.705026455026455 0.6180555555555556 0.05357142857142857 0.04017857142857143
2 0.49206349206349204 0.6463293650793651 0.061507936507936505 0.04513888888888889
2 0.4166666666666667 0.6334325396825397 0.056878306878306875 0.04265873015873016
1 0.43386243386243384 0.6979166666666666 0.0873015873015873 0.06547619047619048
4 0.3578042328042328 0.7142857142857143 0.06481481481481481 0.04662698412698413