0 0.6448412698412699 0.16418650793650794 0.016534391534391533 0.00744047619047619
1 0.6058201058201058 0.23115079365079366 0.03439153439153439 0.018353174603174604
4 0.5535714285714286 0.251984126984127 0.03306878306878307 0.015873015873015872
5 0.6541005291005291 0.30456349206349204 0.01917989417989418 0.00992063492063492
0 0.6005291005291006 0.31398809523809523 0.03902116402116402 0.020833333333333332
5 0.7685185185185185 0.3318452380952381 0.027777777777777776 0.01488095238095238
5 0.6521164021164021 0.376984126984127 0.02513227513227513 0.013888888888888888
2 0.6137566137566137 0.373015873015873 0.02513227513227513 0.012896825396825396
2 0.6957671957671958 0.408234126984127 0.04365079365079365 0.0248015873015873
0 0.792989417989418 0.3705357142857143 0.018518518518518517 0.00992063492063492
5 0.8174603174603174 0.37896825396825395 0.0205026455026455 0.011408730158730158
2 0.8187830687830688 0.4117063492063492 0.025793650793650792 0.011904761904761904
2 0.8637566137566137 0.4399801587301587 0.021164021164021163 0.013888888888888888
2 0.8055555555555556 0.45535714285714285 0.037037037037037035 0.025793650793650792
5 0.6726190476190477 0.46577380952380953 0.04034391534391534 0.0248015873015873
1 0.6924603174603174 0.5009920634920635 0.0291005291005291 0.017857142857142856
1 0.6805555555555556 0.5267857142857143 0.03042328042328042 0.020337301587301588
5 0.7037037037037037 0.5461309523809523 0.03042328042328042 0.018849206349206348
0 0.6375661375661376 0.5843253968253969 0.026455026455026454 0.015873015873015872
3 0.5595238095238095 0.5590277777777778 0.027777777777777776 0.017857142857142856
2 0.5714285714285714 0.5158730158730159 0.026455026455026454 0.016865079365079364
5 0.5291005291005291 0.4503968253968254 0.027116402116402115 0.015873015873015872
3 0.5555555555555556 0.38392857142857145 0.03042328042328042 0.016865079365079364
3 0.5476190476190477 0.33978174603174605 0.04365079365079365 0.022817460317460316
5 0.5026455026455027 0.31299603174603174 0.03042328042328042 0.015873015873015872
3 0.44775132275132273 0.34424603174603174 0.03505291005291005 0.018849206349206348
2 0.39021164021164023 0.32837301587301587 0.03968253968253968 0.023313492063492064
5 0.44775132275132273 0.37549603174603174 0.026455026455026454 0.013888888888888888
1 0.5026455026455027 0.40625 0.02447089947089947 0.01240079365079365
3 0.4748677248677249 0.4166666666666667 0.04034391534391534 0.023313492063492064
2 0.44841269841269843 0.4479166666666667 0.027777777777777776 0.017857142857142856
2 0.4113756613756614 0.4255952380952381 0.032407407407407406 0.020337301587301588
0 0.4001322751322751 0.3898809523809524 0.042328042328042326 0.023809523809523808
3 0.31084656084656087 0.2748015873015873 0.041666666666666664 0.02132936507936508
2 0.16005291005291006 0.2728174603174603 0.03968253968253968 0.02132936507936508
2 0.3201058201058201 0.41964285714285715 0.04365079365079365 0.02628968253968254
1 0.2261904761904762 0.4037698412698413 0.04431216931216931 0.023809523809523808
3 0.14484126984126985 0.43700396825396826 0.05026455026455026 0.027777777777777776
5 0.22023809523809523 0.5064484126984127 0.05423280423280423 0.03273809523809524
1 0.3492063492063492 0.5307539682539683 0.03439153439153439 0.022817460317460316
4 0.2843915343915344 0.5471230158730159 0.04034391534391534 0.023809523809523808
3 0.3002645502645503 0.5783730158730159 0.04431216931216931 0.026785714285714284
3 0.28703703703703703 0.6200396825396826 0.041005291005291 0.027777777777777776
0 0.36904761904761907 0.6354166666666666 0.031746031746031744 0.01984126984126984
0 0.47354497354497355 0.6671626984126984 0.031746031746031744 0.01984126984126984