1 0.48544973544973546 0.5456349206349206 0.062169312169312166 0.03571428571428571
3 0.498015873015873 0.6125992063492064 0.051587301587301584 0.030257936507936508
3 0.548941798941799 0.6567460317460317 0.08068783068783068 0.04712301587301587
0 0.6521164021164021 0.6349206349206349 0.04298941798941799 0.023809523809523808
0 0.8035714285714286 0.6135912698412699 0.041005291005291 0.022817460317460316
4 0.43783068783068785 0.5887896825396826 0.07539682539682539 0.04365079365079365
5 0.30753968253968256 0.5768849206349206 0.082010582010582 0.044642857142857144
3 0.10648148148148148 0.5476190476190477 0.07671957671957672 0.04017857142857143
1 0.17063492063492064 0.4791666666666667 0.07539682539682539 0.03521825396825397
2 0.3115079365079365 0.45535714285714285 0.06878306878306878 0.03670634920634921
0 0.3664021164021164 0.40128968253968256 0.06481481481481481 0.02976190476190476
2 0.4834656084656085 0.435515873015873 0.041005291005291 0.02132936507936508
5 0.5634920634920635 0.4097222222222222 0.04431216931216931 0.01984126984126984
2 0.6851851851851852 0.44742063492063494 0.041005291005291 0.018849206349206348
3 0.7314814814814815 0.48561507936507936 0.031084656084656083 0.01636904761904762
0 0.8359788359788359 0.4756944444444444 0.03571428571428571 0.017361111111111112
5 0.8386243386243386 0.42410714285714285 0.032407407407407406 0.015873015873015872
1 0.8029100529100529 0.4146825396825397 0.03835978835978836 0.018849206349206348
1 0.7791005291005291 0.39186507936507936 0.03968253968253968 0.017857142857142856
5 0.7261904761904762 0.3695436507936508 0.0582010582010582 0.0248015873015873
2 0.6746031746031746 0.32242063492063494 0.05092592592592592 0.020833333333333332
2 0.8201058201058201 0.3229166666666667 0.05291005291005291 0.018849206349206348
2 0.833994708994709 0.3060515873015873 0.026455026455026454 0.00992063492063492
2 0.7658730158730159 0.2996031746031746 0.0291005291005291 0.011408730158730158
5 0.7275132275132276 0.279265873015873 0.02513227513227513 0.010912698412698412
5 0.6388888888888888 0.25892857142857145 0.032407407407407406 0.012896825396825396
0 0.6984126984126984 0.2802579365079365 0.023809523809523808 0.008928571428571428
5 0.5059523809523809 0.27132936507936506 0.023809523809523808 0.00992063492063492
0 0.47685185185185186 0.2837301587301587 0.051587301587301584 0.020833333333333332
5 0.5853174603174603 0.3209325396825397 0.02513227513227513 0.010912698412698412
2 0.5515873015873016 0.32787698412698413 0.037037037037037035 0.015873015873015872
3 0.5079365079365079 0.3521825396825397 0.03835978835978836 0.016865079365079364
3 0.45634920634920634 0.3159722222222222 0.056216931216931214 0.023809523809523808
0 0.3425925925925926 0.18253968253968253 0.01917989417989418 0.006944444444444444
1 0.3862433862433862 0.22817460317460317 0.04034391534391534 0.013888888888888888
4 0.3531746031746032 0.25892857142857145 0.03439153439153439 0.012896825396825396
5 0.3716931216931217 0.31547619047619047 0.03968253968253968 0.017361111111111112
3 0.3505291005291005 0.3551587301587302 0.041666666666666664 0.017857142857142856
5 0.38756613756613756 0.38095238095238093 0.041005291005291 0.019345238095238096
2 0.27380952380952384 0.3556547619047619 0.05952380952380952 0.026785714285714284
3 0.11507936507936507 0.3392857142857143 0.05555555555555555 0.024305555555555556
2 0.4126984126984127 0.43154761904761907 0.0496031746031746 0.023809523809523808
3 0.4728835978835979 0.40029761904761907 0.056878306878306875 0.026785714285714284