2 0.7215608465608465 0.09523809523809523 0.042328042328042326 0.02976190476190476
0 0.6706349206349206 0.1810515873015873 0.04365079365079365 0.02976190476190476
2 0.15013227513227514 0.20634920634920634 0.07936507936507936 0.050595238095238096
3 0.35119047619047616 0.30505952380952384 0.10582010582010581 0.07738095238095238
2 0.6521164021164021 0.33283730158730157 0.0992063492063492 0.06398809523809523
3 0.49206349206349204 0.4662698412698413 0.06481481481481481 0.046130952380952384
1 0.5271164021164021 0.5357142857142857 0.09788359788359788 0.07093253968253968
3 0.6554232804232805 0.5426587301587301 0.062169312169312166 0.04513888888888889
3 0.7936507936507936 0.6076388888888888 0.08796296296296297 0.06944444444444445
3 0.701058201058201 0.6845238095238095 0.07473544973544974 0.054563492063492064
1 0.6137566137566137 0.7038690476190477 0.061507936507936505 0.04513888888888889
1 0.3458994708994709 0.6939484126984127 0.09854497354497355 0.07142857142857142
0 0.9755291005291006 0.9226190476190477 0.04828042328042328 0.060515873015873016