3 0.023148148148148147 0.0248015873015873 0.04365079365079365 0.025793650793650792
2 0.17212301587301587 0.018601190476190476 0.06646825396825397 0.03373015873015873
0 0.3290343915343915 0.006076388888888889 0.02976190476190476 0.012152777777777778
5 0.6866732804232805 0.07080853174603174 0.05787037037037037 0.030009920634920636
2 0.5932539682539683 0.12276785714285714 0.04563492063492063 0.025793650793650792
2 0.6311177248677249 0.23214285714285715 0.07308201058201058 0.044642857142857144
2 0.8379629629629629 0.27827380952380953 0.03439153439153439 0.020337301587301588
2 0.4966931216931217 0.18055555555555555 0.04497354497354497 0.025297619047619048
2 0.5076058201058201 0.2214781746031746 0.042328042328042326 0.0248015873015873
1 0.484292328042328 0.24764384920634921 0.06514550264550265 0.03844246031746032
3 0.3308531746031746 0.18700396825396826 0.059854497354497355 0.03720238095238095
1 0.3513558201058201 0.24702380952380953 0.03869047619047619 0.022817460317460316
0 0.16980820105820105 0.19035218253968253 0.07308201058201058 0.040426587301587304
0 0.09507275132275132 0.28608630952380953 0.05787037037037037 0.036458333333333336
4 0.16650132275132276 0.28856646825396826 0.049933862433862435 0.03149801587301587
1 0.28951719576719576 0.330109126984127 0.035383597883597885 0.032242063492063495
3 0.06332671957671958 0.3638392857142857 0.05324074074074074 0.03273809523809524
2 0.33630952380952384 0.4224950396825397 0.08333333333333333 0.053323412698412696
5 0.4270833333333333 0.4466765873015873 0.04662698412698413 0.03125
5 0.22255291005291006 0.5277777777777778 0.041666666666666664 0.028273809523809524
5 0.5395171957671958 0.4021577380952381 0.07572751322751323 0.047867063492063495
2 0.5421626984126984 0.5029761904761905 0.04133597883597884 0.030257936507936508
5 0.7931547619047619 0.482390873015873 0.04728835978835979 0.02976190476190476
2 0.8330026455026455 0.5241815476190477 0.0582010582010582 0.037450396825396824
3 0.7455357142857143 0.5342261904761905 0.08035714285714286 0.054563492063492064
1 0.6291335978835979 0.5789930555555556 0.0419973544973545 0.029513888888888888
2 0.7046957671957672 0.6178075396825397 0.05357142857142857 0.04017857142857143
2 0.49206349206349204 0.6463293650793651 0.061507936507936505 0.04513888888888889
2 0.4168320105820106 0.6333085317460317 0.05720899470899471 0.04290674603174603
1 0.4340277777777778 0.6980406746031746 0.08763227513227513 0.06522817460317461
4 0.3576388888888889 0.7144097222222222 0.06448412698412699 0.046378968253968256