4 0.24636243386243387 0.283234126984127 0.04298941798941799 0.025297619047619048
2 0.2518187830687831 0.31808035714285715 0.03670634920634921 0.021577380952380952
2 0.33366402116402116 0.3819444444444444 0.018518518518518517 0.011408730158730158
0 0.3209325396825397 0.4176587301587302 0.01951058201058201 0.011408730158730158
2 0.32589285714285715 0.4771825396825397 0.044642857142857144 0.028273809523809524
3 0.27116402116402116 0.541046626984127 0.027777777777777776 0.018601190476190476
1 0.2923280423280423 0.5647321428571429 0.04365079365079365 0.027777777777777776
3 0.35168650793650796 0.5620039682539683 0.028769841269841268 0.01984126984126984
3 0.41534391534391535 0.576140873015873 0.042328042328042326 0.029265873015873016
3 0.3869047619047619 0.6183035714285714 0.03439153439153439 0.024305555555555556
1 0.3498677248677249 0.6329365079365079 0.027777777777777776 0.020833333333333332
1 0.2261904761904762 0.644469246031746 0.0496031746031746 0.03149801587301587
0 0.5370370370370371 0.6961805555555556 0.04365079365079365 0.031746031746031744
5 0.7418981481481481 0.550719246031746 0.02017195767195767 0.014632936507936508
2 0.7038690476190477 0.4965277777777778 0.03670634920634921 0.025297619047619048
5 0.714781746031746 0.4791666666666667 0.02017195767195767 0.012896825396825396
2 0.7648809523809523 0.4568452380952381 0.0205026455026455 0.011904761904761904
1 0.8176256613756614 0.44680059523809523 0.018849206349206348 0.011656746031746032
2 0.8467261904761905 0.4339037698412698 0.022817460317460316 0.015625
3 0.8154761904761905 0.4079861111111111 0.03042328042328042 0.021825396825396824
2 0.8414351851851852 0.49169146825396826 0.02017195767195767 0.013640873015873016
2 0.8249007936507936 0.5094246031746031 0.022817460317460316 0.01240079365079365
1 0.8634259259259259 0.5122767857142857 0.028439153439153438 0.016617063492063492
4 0.8619378306878307 0.5367063492063492 0.020833333333333332 0.013392857142857142
2 0.8133267195767195 0.3854166666666667 0.021494708994708994 0.016865079365079364
5 0.7805886243386243 0.38752480158730157 0.018187830687830687 0.012648809523809524
5 0.714781746031746 0.4367559523809524 0.030753968253968252 0.020337301587301588
2 0.6087962962962963 0.3757440476190476 0.032407407407407406 0.022321428571428572
1 0.5995370370370371 0.42212301587301587 0.031746031746031744 0.021825396825396824
2 0.5656415343915344 0.412078373015873 0.01951058201058201 0.015625
2 0.5373677248677249 0.40513392857142855 0.023809523809523808 0.015128968253968254
2 0.501818783068783 0.36049107142857145 0.02546296296296296 0.016121031746031748
5 0.47784391534391535 0.31708829365079366 0.028439153439153438 0.015625
3 0.5162037037037037 0.4582093253968254 0.03042328042328042 0.019097222222222224
1 0.5578703703703703 0.4660218253968254 0.017857142857142856 0.010416666666666666
1 0.6172288359788359 0.5009920634920635 0.017526455026455025 0.012896825396825396
4 0.56630291005291 0.5329861111111112 0.022817460317460316 0.016865079365079364
0 0.5596891534391535 0.5544394841269841 0.03009259259259259 0.021577380952380952
3 0.6117724867724867 0.576140873015873 0.027116402116402115 0.019345238095238096
0 0.5795304232804233 0.6123511904761905 0.034722222222222224 0.027281746031746032
2 0.09457671957671958 0.45783730158730157 0.03505291005291005 0.019345238095238096
2 0.6590608465608465 0.3306051587301587 0.015873015873015872 0.011904761904761904
1 0.7610780423280423 0.3081597222222222 0.020833333333333332 0.014136904761904762
0 0.5031415343915344 0.5107886904761905 0.04265873015873016 0.029017857142857144
3 0.19212962962962962 0.48214285714285715 0.046957671957671955 0.028769841269841268