0 0.45634920634920634 0.1583581349206349 0.016534391534391533 0.009672619047619048
1 0.47966269841269843 0.2571924603174603 0.03406084656084656 0.022817460317460316
4 0.44642857142857145 0.29092261904761907 0.02976190476190476 0.019345238095238096
5 0.5667989417989417 0.32353670634920634 0.021164021164021163 0.01314484126984127
5 0.6790674603174603 0.3287450396825397 0.02943121693121693 0.018105158730158732
0 0.7177579365079365 0.36160714285714285 0.02017195767195767 0.012896825396825396
5 0.7409060846560847 0.3637152777777778 0.02017195767195767 0.012648809523809524
2 0.7594246031746031 0.396453373015873 0.023478835978835978 0.015128968253968254
2 0.8083664021164021 0.4133184523809524 0.02017195767195767 0.012648809523809524
2 0.7805886243386243 0.44642857142857145 0.03736772486772487 0.023809523809523808
2 0.6742724867724867 0.42671130952380953 0.037698412698412696 0.026041666666666668
5 0.6119378306878307 0.4010416666666667 0.02017195767195767 0.01488095238095238
0 0.5365410052910053 0.353546626984127 0.0419973544973545 0.02554563492063492
5 0.4470899470899471 0.3723958333333333 0.031746031746031744 0.019593253968253968
3 0.511739417989418 0.3942212301587302 0.044642857142857144 0.028521825396825396
2 0.5811838624338624 0.4078621031746032 0.028108465608465607 0.018601190476190476
3 0.5416666666666666 0.4337797619047619 0.0291005291005291 0.01984126984126984
1 0.5110780423280423 0.4680059523809524 0.021494708994708994 0.013392857142857142
3 0.42394179894179895 0.42137896825396826 0.03306878306878307 0.022817460317460316
5 0.44675925925925924 0.4522569444444444 0.031084656084656083 0.02058531746031746
2 0.3687169312169312 0.4228670634920635 0.046296296296296294 0.02976190476190476
3 0.2518187830687831 0.3851686507936508 0.04332010582010582 0.027777777777777776
2 0.10515873015873016 0.42485119047619047 0.04497354497354497 0.028769841269841268
3 0.24421296296296297 0.6044146825396826 0.04662698412698413 0.03273809523809524
5 0.36590608465608465 0.6481894841269841 0.05257936507936508 0.03546626984126984
1 0.4771825396825397 0.6297123015873016 0.03968253968253968 0.029265873015873016
4 0.4399801587301587 0.6635664682539683 0.044642857142857144 0.033482142857142856
3 0.47156084656084657 0.6850198412698413 0.032407407407407406 0.024305555555555556
0 0.5573743386243386 0.7123015873015873 0.022156084656084655 0.017361111111111112
0 0.6517857142857143 0.7095734126984127 0.02513227513227513 0.018849206349206348
3 0.49189814814814814 0.7247023809523809 0.045304232804232805 0.03521825396825397
1 0.2865410052910053 0.5467509920634921 0.050595238095238096 0.03298611111111111
2 0.38078703703703703 0.5362103174603174 0.05324074074074074 0.034722222222222224
0 0.42509920634920634 0.4849950396825397 0.045965608465608467 0.031994047619047616
3 0.501984126984127 0.4897073412698413 0.04298941798941799 0.029017857142857144
5 0.5628306878306878 0.505828373015873 0.031746031746031744 0.019593253968253968
2 0.453207671957672 0.5141369047619048 0.03736772486772487 0.025297619047619048
2 0.5008267195767195 0.5267857142857143 0.03207671957671958 0.023809523809523808
2 0.634755291005291 0.5560515873015873 0.02943121693121693 0.020337301587301588
5 0.6903108465608465 0.4887152777777778 0.04133597883597884 0.028521825396825396
1 0.7192460317460317 0.5138888888888888 0.027116402116402115 0.019345238095238096
1 0.7245370370370371 0.5400545634920635 0.0291005291005291 0.019593253968253968
5 0.748015873015873 0.5489831349206349 0.02447089947089947 0.018105158730158732
0 0.722718253968254 0.5990823412698413 0.0248015873015873 0.019097222222222224
3 0.6512896825396826 0.5968501984126984 0.022817460317460316 0.016617063492063492