2 0.50380291005291 0.1932043650793651 0.01951058201058201 0.009424603174603174
2 0.46412037037037035 0.21168154761904762 0.018849206349206348 0.011160714285714286
2 0.5400132275132276 0.2088293650793651 0.036375661375661374 0.017361111111111112
5 0.41418650793650796 0.21118551587301587 0.018187830687830687 0.009176587301587302
0 0.4009589947089947 0.22172619047619047 0.017526455026455025 0.008928571428571428
5 0.34226190476190477 0.22879464285714285 0.025793650793650792 0.01314484126984127
2 0.47437169312169314 0.25657242063492064 0.03869047619047619 0.019593253968253968
5 0.5628306878306878 0.26537698412698413 0.03571428571428571 0.019345238095238096
1 0.6033399470899471 0.2614087301587302 0.02546296296296296 0.013888888888888888
1 0.6395502645502645 0.26574900793650796 0.027777777777777776 0.012648809523809524
5 0.6570767195767195 0.2602926587301587 0.023148148148148147 0.012152777777777778
0 0.7132936507936508 0.2863343253968254 0.021164021164021163 0.01066468253968254
2 0.6291335978835979 0.3210565476190476 0.02546296296296296 0.012648809523809524
3 0.6888227513227513 0.3246527777777778 0.023148148148148147 0.012896825396825396
5 0.4095568783068783 0.28955853174603174 0.023478835978835978 0.01314484126984127
5 0.2814153439153439 0.29017857142857145 0.018518518518518517 0.010416666666666666
0 0.31547619047619047 0.3072916666666667 0.03968253968253968 0.022321428571428572
2 0.40790343915343913 0.30617559523809523 0.022817460317460316 0.012152777777777778
3 0.3629298941798942 0.3343253968253968 0.04398148148148148 0.0248015873015873
3 0.4267526455026455 0.33717757936507936 0.02943121693121693 0.016617063492063492
5 0.5370370370370371 0.34585813492063494 0.02447089947089947 0.013640873015873016
1 0.14401455026455026 0.3117559523809524 0.0419973544973545 0.022321428571428572
4 0.17195767195767195 0.34771825396825395 0.03571428571428571 0.019345238095238096
5 0.29447751322751325 0.3732638888888889 0.0333994708994709 0.017857142857142856
3 0.3559854497354497 0.40339781746031744 0.03670634920634921 0.0220734126984127
5 0.4123677248677249 0.4007936507936508 0.028439153439153438 0.016865079365079364
1 0.4611441798941799 0.36768353174603174 0.022156084656084655 0.012648809523809524
3 0.4914021164021164 0.37475198412698413 0.04034391534391534 0.023809523809523808
2 0.5411706349206349 0.38777281746031744 0.03141534391534392 0.01711309523809524
2 0.3349867724867725 0.4339037698412698 0.0496031746031746 0.028521825396825396
0 0.4565145502645503 0.4156746031746032 0.045304232804232805 0.025793650793650792
2 0.5052910052910053 0.4133184523809524 0.037037037037037035 0.021081349206349208
0 0.8386243386243386 0.3559027777777778 0.023148148148148147 0.012896825396825396
1 0.6807208994708994 0.4331597222222222 0.03802910052910053 0.021081349206349208
3 0.7572751322751323 0.45275297619047616 0.03835978835978836 0.023561507936507936
3 0.8196097883597884 0.4490327380952381 0.04332010582010582 0.024553571428571428
0 0.8167989417989417 0.41083829365079366 0.025793650793650792 0.015128968253968254
4 0.7174272486772487 0.46478174603174605 0.04133597883597884 0.0248015873015873
5 0.6732804232804233 0.5053323412698413 0.056878306878306875 0.034970238095238096
3 0.5600198412698413 0.5777529761904762 0.05654761904761905 0.037450396825396824
1 0.4895833333333333 0.5290178571428571 0.04927248677248677 0.03273809523809524
2 0.5119047619047619 0.4616815476190476 0.04828042328042328 0.027529761904761904
3 0.2123015873015873 0.5016121031746031 0.052248677248677246 0.03149801587301587
2 0.1896494708994709 0.6313244047619048 0.05787037037037037 0.03695436507936508