2 0.7217261904761905 0.0954861111111111 0.0419973544973545 0.02976190476190476
0 0.6708002645502645 0.18092757936507936 0.04398148148148148 0.029513888888888888
2 0.15029761904761904 0.20610119047619047 0.07903439153439154 0.050595238095238096
3 0.3513558201058201 0.30505952380952384 0.105489417989418 0.07738095238095238
2 0.6519510582010583 0.33283730158730157 0.09953703703703703 0.06398809523809523
3 0.49189814814814814 0.4660218253968254 0.06514550264550265 0.046130952380952384
1 0.527281746031746 0.5354662698412699 0.09755291005291006 0.07093253968253968
3 0.6552579365079365 0.542906746031746 0.06183862433862434 0.04513888888888889
3 0.7933201058201058 0.6077628968253969 0.08796296296296297 0.06969246031746032
3 0.7007275132275133 0.6845238095238095 0.07473544973544974 0.054563492063492064
1 0.6134259259259259 0.7038690476190477 0.061507936507936505 0.04513888888888889
1 0.3458994708994709 0.6938244047619048 0.09854497354497355 0.0716765873015873
0 0.9755291005291006 0.9224950396825397 0.04828042328042328 0.060267857142857144