1 0.31613756613756616 0.0920138888888889 0.027116402116402115 0.009424603174603174
2 0.21180555555555555 0.1453373015873016 0.02943121693121693 0.009424603174603174
2 0.20552248677248677 0.1909722222222222 0.06183862433862434 0.025793650793650792
1 0.2700066137566138 0.23883928571428573 0.06448412698412699 0.029265873015873016
2 0.13558201058201058 0.26550099206349204 0.04894179894179894 0.02058531746031746
2 0.19378306878306878 0.2632688492063492 0.037037037037037035 0.016617063492063492
3 0.19378306878306878 0.33283730158730157 0.08333333333333333 0.036210317460317464
1 0.2830687830687831 0.32490079365079366 0.04431216931216931 0.020337301587301588
1 0.4441137566137566 0.3229166666666667 0.03968253968253968 0.018849206349206348
0 0.2736441798941799 0.3958333333333333 0.09556878306878307 0.04265873015873016
4 0.4298941798941799 0.39025297619047616 0.057539682539682536 0.029017857142857144
0 0.46924603174603174 0.41716269841269843 0.08002645502645503 0.03819444444444445
3 0.5978835978835979 0.40314980158730157 0.05423280423280423 0.026041666666666668
0 0.6362433862433863 0.46912202380952384 0.0701058201058201 0.03695436507936508
0 0.800760582010582 0.6293402777777778 0.11937830687830688 0.06820436507936507
3 0.24338624338624337 0.5798611111111112 0.12962962962962962 0.07242063492063493
3 0.28158068783068785 0.7022569444444444 0.08564814814814815 0.05580357142857143
1 0.22800925925925927 0.7900545634920635 0.10813492063492064 0.08010912698412699
3 0.05241402116402116 0.6458333333333334 0.10284391534391535 0.06448412698412699
5 0.7076719576719577 0.29501488095238093 0.03835978835978836 0.015625
2 0.5667989417989417 0.24801587301587302 0.07605820105820106 0.03125
4 0.8095238095238095 0.2204861111111111 0.032407407407407406 0.013392857142857142
1 0.7705026455026455 0.19506448412698413 0.04563492063492063 0.01711309523809524
2 0.7222222222222222 0.21651785714285715 0.03306878306878307 0.011904761904761904
2 0.7088293650793651 0.19084821428571427 0.04265873015873016 0.015625
2 0.6147486772486772 0.1449652777777778 0.03835978835978836 0.011160714285714286
1 0.6016865079365079 0.1697668650793651 0.028108465608465607 0.011656746031746032
2 0.5591931216931217 0.20027281746031747 0.031746031746031744 0.011656746031746032
5 0.46593915343915343 0.1925843253968254 0.06415343915343916 0.024057539682539684
5 0.4611441798941799 0.14050099206349206 0.035383597883597885 0.012152777777777778
3 0.5378637566137566 0.12884424603174602 0.05720899470899471 0.020089285714285716
2 0.4975198412698413 0.12028769841269842 0.0333994708994709 0.011408730158730158