2 0.279265873015873 0.04861111111111111 0.05654761904761905 0.03571428571428571
5 0.2757936507936508 0.3898809523809524 0.11838624338624339 0.07688492063492064
2 0.4343584656084656 0.4739583333333333 0.06911375661375661 0.04662698412698413
5 0.2414021164021164 0.5277777777777778 0.0582010582010582 0.040674603174603176
2 0.13822751322751323 0.5939980158730159 0.15145502645502645 0.10218253968253968
5 0.21742724867724866 0.7869543650793651 0.0763888888888889 0.05654761904761905
1 0.6165674603174603 0.021081349206349208 0.055224867724867725 0.03571428571428571
5 0.576223544973545 0.26240079365079366 0.06448412698412699 0.04563492063492063
2 0.6726190476190477 0.26884920634920634 0.07605820105820106 0.05555555555555555
3 0.6416997354497355 0.34052579365079366 0.11805555555555555 0.07936507936507936
2 0.7243716931216931 0.4351438492063492 0.08234126984126984 0.057787698412698416
1 0.6170634920634921 0.4623015873015873 0.06349206349206349 0.041666666666666664
2 0.6297949735449735 0.6257440476190477 0.07506613756613757 0.05654761904761905
2 0.5542328042328042 0.6772073412698413 0.07142857142857142 0.05233134920634921
1 0.671957671957672 0.7078373015873016 0.08796296296296297 0.06498015873015874
4 0.6400462962962963 0.7883184523809523 0.06977513227513228 0.054811507936507936
2 0.036871693121693125 0.15612599206349206 0.07374338624338625 0.06522817460317461