1 0.48561507936507936 0.5456349206349206 0.0625 0.03571428571428571
3 0.4978505291005291 0.6125992063492064 0.05191798941798942 0.030257936507936508
3 0.5491071428571429 0.6567460317460317 0.08101851851851852 0.04712301587301587
0 0.6521164021164021 0.6350446428571429 0.04298941798941799 0.023561507936507936
0 0.8034060846560847 0.6134672619047619 0.04133597883597884 0.023065476190476192
4 0.4376653439153439 0.5889136904761905 0.07506613756613757 0.043402777777777776
5 0.30753968253968256 0.5768849206349206 0.082010582010582 0.044642857142857144
3 0.10648148148148148 0.5478670634920635 0.07671957671957672 0.04017857142857143
1 0.17080026455026456 0.4789186507936508 0.07506613756613757 0.03521825396825397
2 0.3113425925925926 0.45523313492063494 0.06845238095238096 0.036458333333333336
0 0.36673280423280424 0.4011656746031746 0.06481481481481481 0.030009920634920636
2 0.48330026455026454 0.43526785714285715 0.04133597883597884 0.02132936507936508
5 0.5634920634920635 0.4098462301587302 0.04431216931216931 0.019593253968253968
2 0.6851851851851852 0.4476686507936508 0.041005291005291 0.018849206349206348
3 0.7311507936507936 0.48561507936507936 0.031084656084656083 0.01636904761904762
0 0.8358134920634921 0.4756944444444444 0.036044973544973546 0.017361111111111112
5 0.8386243386243386 0.4242311507936508 0.032407407407407406 0.016121031746031748
1 0.802744708994709 0.4148065476190476 0.03869047619047619 0.019097222222222224
1 0.7789351851851852 0.39211309523809523 0.03935185185185185 0.017857142857142856
5 0.7260251322751323 0.36941964285714285 0.05787037037037037 0.024553571428571428
2 0.6749338624338624 0.32254464285714285 0.05092592592592592 0.021081349206349208
2 0.8199404761904762 0.3230406746031746 0.05324074074074074 0.019097222222222224
2 0.8338293650793651 0.30592757936507936 0.026785714285714284 0.010168650793650794
2 0.765542328042328 0.29985119047619047 0.0291005291005291 0.011408730158730158
5 0.7273478835978836 0.27914186507936506 0.0248015873015873 0.01066468253968254
5 0.6392195767195767 0.25892857142857145 0.032407407407407406 0.012896825396825396
0 0.6985780423280423 0.2802579365079365 0.023478835978835978 0.008928571428571428
5 0.5059523809523809 0.271453373015873 0.023809523809523808 0.009672619047619048
0 0.47668650793650796 0.2838541666666667 0.05191798941798942 0.021081349206349208
5 0.5854828042328042 0.3210565476190476 0.0248015873015873 0.01066468253968254
2 0.5514219576719577 0.32800099206349204 0.03736772486772487 0.015625
3 0.5077711640211641 0.3523065476190476 0.03802910052910053 0.016617063492063492
3 0.4566798941798942 0.3160962301587302 0.056216931216931214 0.023561507936507936
0 0.3429232804232804 0.1827876984126984 0.01917989417989418 0.006944444444444444
1 0.38657407407407407 0.2282986111111111 0.04034391534391534 0.014136904761904762
4 0.35284391534391535 0.25905257936507936 0.03439153439153439 0.012648809523809524
5 0.3718584656084656 0.31572420634920634 0.03935185185185185 0.017361111111111112
3 0.3501984126984127 0.3552827380952381 0.041666666666666664 0.018105158730158732
5 0.38740079365079366 0.38070436507936506 0.04133597883597884 0.019345238095238096
2 0.2736441798941799 0.3557787698412698 0.059854497354497355 0.02703373015873016
3 0.11541005291005291 0.3392857142857143 0.05555555555555555 0.024305555555555556
2 0.4123677248677249 0.43154761904761907 0.0496031746031746 0.023809523809523808
3 0.47271825396825395 0.4001736111111111 0.05720899470899471 0.02703373015873016