0 0.6448412698412699 0.16418650793650794 0.016534391534391533 0.00744047619047619
1 0.6056547619047619 0.23115079365079366 0.03406084656084656 0.018353174603174604
4 0.5537367724867724 0.25223214285714285 0.0333994708994709 0.015873015873015872
5 0.6541005291005291 0.30481150793650796 0.01917989417989418 0.00992063492063492
0 0.6005291005291006 0.3138640873015873 0.03902116402116402 0.021081349206349208
5 0.7683531746031746 0.33196924603174605 0.027447089947089946 0.014632936507936508
5 0.6517857142857143 0.37686011904761907 0.02513227513227513 0.014136904761904762
2 0.6137566137566137 0.37313988095238093 0.02513227513227513 0.01314484126984127
2 0.6959325396825397 0.40835813492063494 0.04398148148148148 0.025049603174603176
0 0.7928240740740741 0.3706597222222222 0.018849206349206348 0.010168650793650794
5 0.8171296296296297 0.37896825396825395 0.0205026455026455 0.011408730158730158
2 0.8184523809523809 0.41195436507936506 0.025793650793650792 0.011904761904761904
2 0.8637566137566137 0.4399801587301587 0.021164021164021163 0.013888888888888888
2 0.8057208994708994 0.455109126984127 0.03736772486772487 0.025793650793650792
5 0.6726190476190477 0.46589781746031744 0.04034391534391534 0.024553571428571428
1 0.6922949735449735 0.5011160714285714 0.028769841269841268 0.018105158730158732
1 0.6803902116402116 0.5265376984126984 0.030753968253968252 0.020337301587301588
5 0.7040343915343915 0.5462549603174603 0.03042328042328042 0.018601190476190476
0 0.6377314814814815 0.5844494047619048 0.026124338624338623 0.015625
3 0.5591931216931217 0.5589037698412699 0.027777777777777776 0.018105158730158732
2 0.5712632275132276 0.5159970238095238 0.026785714285714284 0.01711309523809524
5 0.5287698412698413 0.45027281746031744 0.027116402116402115 0.015625
3 0.5557208994708994 0.3841765873015873 0.03009259259259259 0.016865079365079364
3 0.5474537037037037 0.33978174603174605 0.04332010582010582 0.022817460317460316
5 0.5028108465608465 0.31287202380952384 0.030753968253968252 0.016121031746031748
3 0.44775132275132273 0.3443700396825397 0.03505291005291005 0.018601190476190476
2 0.39021164021164023 0.328125 0.03968253968253968 0.023313492063492064
5 0.44775132275132273 0.37537202380952384 0.026455026455026454 0.014136904761904762
1 0.5026455026455027 0.40625 0.02447089947089947 0.01240079365079365
3 0.4748677248677249 0.41691468253968256 0.04034391534391534 0.023313492063492064
2 0.4487433862433862 0.4479166666666667 0.027777777777777776 0.017857142857142856
2 0.4113756613756614 0.4255952380952381 0.032407407407407406 0.020337301587301588
0 0.3999669312169312 0.3900049603174603 0.0419973544973545 0.023561507936507936
3 0.31117724867724866 0.2748015873015873 0.041666666666666664 0.02132936507936508
2 0.15988756613756613 0.2728174603174603 0.03935185185185185 0.02132936507936508
2 0.320271164021164 0.4193948412698413 0.04332010582010582 0.02628968253968254
1 0.2261904761904762 0.4036458333333333 0.04431216931216931 0.023561507936507936
3 0.14467592592592593 0.4368799603174603 0.049933862433862435 0.027529761904761904
5 0.22007275132275134 0.5065724206349206 0.054563492063492064 0.03249007936507937
1 0.3492063492063492 0.5310019841269841 0.03439153439153439 0.022817460317460316
4 0.2843915343915344 0.5472470238095238 0.04034391534391534 0.024057539682539684
3 0.29993386243386244 0.5782490079365079 0.04431216931216931 0.02703373015873016
3 0.28720238095238093 0.6200396825396826 0.040674603174603176 0.027777777777777776
0 0.36937830687830686 0.6355406746031746 0.031746031746031744 0.019593253968253968
0 0.47337962962962965 0.6672867063492064 0.03141534391534392 0.020089285714285716